S (866,652)
N (882,652) (712,552) (297,600)
S (866,652)
N (855,651) (853,441) (550,686)
N (871,650) (574,694) (130,609)
S (883,652)
S (893,658)
N (901,660) (183,568) (339,671)
S (904,667)
N (913,668) (185,534) (175,276)
S (909,675)
N (917,682) (316,674) (90,413)
S (913,689)
N (912,698) (166,354) (411,119)
S (901,701)
S (889,705)
S (881,711)
S (870,718)
N (869,727) (322,138) (623,124)
S (871,721)
S (876,714)
S (886,707)
S (897,701)
S (905,692)
N (916,695) (139,274) (484,134)
S (915,688)
N (916,680) (219,655) (141,303)
S (908,675)
N (912,667) (121,364) (261,191)
S (902,663)
N (900,659) (192,464) (441,602)
S (893,658)
S (888,653)
N (885,652) (205,617) (669,673)
S (873,653)
N (870,650) (547,694) (258,674)
